                                        0.00195312                                        0.00000000
                                        0.00390625                                        0.00000000
                                        0.00585938                                        0.00000000
                                        0.00781250                                        0.00000000
                                        0.00976562                                        0.00000000
                                        0.01171875                                        0.00000000
                                        0.01367188                                        0.00000000
                                        0.01562500                                        0.00000000
                                        0.01757812                                        0.00000000
                                        0.01953125                                        0.00000000
                                        0.02148438                                        0.00000000
                                        0.02343750                                        0.00000000
                                        0.02539062                                        0.00000000
                                        0.02734375                                        0.00000000
                                        0.02929688                                        0.00000000
                                        0.03125000                                        0.00000000
                                        0.03320312                                        0.00000000
                                        0.03515625                                        0.00000000
                                        0.03710938                                        0.00000000
                                        0.03906250                                        0.00000000
                                        0.04101562                                        0.00000000
                                        0.04296875                                        0.00000000
                                        0.04492188                                        0.00000000
                                        0.04687500                                        0.00000000
                                        0.04882812                                        0.00000000
                                        0.05078125                                        0.00000000
                                        0.05273438                                        0.00000000
                                        0.05468750                                        0.00000000
                                        0.05664062                                        0.00000000
                                        0.05859375                                        0.00000000
                                        0.06054688                                        0.00000000
                                        0.06250000                                        0.00000000
                                        0.06445312                                        0.00000000
                                        0.06640625                                        0.00000000
                                        0.06835938                                        0.00000000
                                        0.07031250                                        0.00000000
                                        0.07226562                                        0.00000000
                                        0.07421875                                        0.00000000
                                        0.07617188                                        0.00000000
                                        0.07812500                                        0.00000000
                                        0.08007812                                        0.00000000
                                        0.08203125                                        0.00000000
                                        0.08398438                                        0.00000000
                                        0.08593750                                        0.00000000
                                        0.08789062                                        0.00000000
                                        0.08984375                                        0.00000000
                                        0.09179688                                        0.00000000
                                        0.09375000                                        0.00000000
                                        0.09570312                                        0.00000000
                                        0.09765625                                        0.00000000
                                        0.09960938                                        0.00000000
                                        0.10156250                                        0.00000000
                                        0.10351562                                        0.00000000
                                        0.10546875                                        0.00000000
                                        0.10742188                                        0.00000000
                                        0.10937500                                        0.00000000
                                        0.11132812                                        0.00000000
                                        0.11328125                                        0.00000000
                                        0.11523438                                        0.00000000
                                        0.11718750                                        0.00000000
                                        0.11914062                                        0.00000000
                                        0.12109375                                        0.00000000
                                        0.12304688                                        0.00000000
                                        0.12500000                                        0.00000000
                                        0.12695312                                        0.00000000
                                        0.12890625                                        0.00000000
                                        0.13085938                                        0.00000000
                                        0.13281250                                        0.00000000
                                        0.13476562                                        0.00000000
                                        0.13671875                                        0.00000000
                                        0.13867188                                        0.00000000
                                        0.14062500                                        0.00000000
                                        0.14257812                                        0.00000000
                                        0.14453125                                        0.00000000
                                        0.14648438                                        0.00000000
                                        0.14843750                                        0.00000000
                                        0.15039062                                        0.00000000
                                        0.15234375                                        0.00000000
                                        0.15429688                                        0.00000000
                                        0.15625000                                        0.00000000
                                        0.15820312                                        0.00000000
                                        0.16015625                                        0.00000000
                                        0.16210938                                        0.00000000
                                        0.16406250                                        0.00000000
                                        0.16601562                                        0.00000000
                                        0.16796875                                        0.00000000
                                        0.16992188                                        0.00000000
                                        0.17187500                                        0.00000000
                                        0.17382812                                        0.00000000
                                        0.17578125                                        0.00000000
                                        0.17773438                                        0.00000000
                                        0.17968750                                        0.00000000
                                        0.18164062                                        0.00000000
                                        0.18359375                                        0.00000000
                                        0.18554688                                        0.00000000
                                        0.18750000                                        0.00000000
                                        0.18945312                                        0.00000000
                                        0.19140625                                        0.00000000
                                        0.19335938                                        0.00000000
                                        0.19531250                                        0.00000000
                                        0.19726562                                        0.00000000
                                        0.19921875                                        0.00000000
                                        0.20117188                                        0.00000000
                                        0.20312500                                        0.00000000
                                        0.20507812                                        0.00000000
                                        0.20703125                                        0.00000000
                                        0.20898438                                        0.00000000
                                        0.21093750                                        0.00000000
                                        0.21289062                                        0.00000000
                                        0.21484375                                        0.00000000
                                        0.21679688                                        0.00000000
                                        0.21875000                                        0.00000000
                                        0.22070312                                        0.00000000
                                        0.22265625                                        0.00000000
                                        0.22460938                                        0.00000000
                                        0.22656250                                        0.00000000
                                        0.22851562                                        0.00000000
                                        0.23046875                                        0.00000000
                                        0.23242188                                        0.00000000
                                        0.23437500                                        0.00000000
                                        0.23632812                                        0.00000000
                                        0.23828125                                        0.00000000
                                        0.24023438                                        0.00000000
                                        0.24218750                                        0.00000000
                                        0.24414062                                        0.00000000
                                        0.24609375                                        0.00000000
                                        0.24804688                                        0.00000000
                                        0.25000000                                        0.00000000
                                        0.25195312                                        0.00000000
                                        0.25390625                                        0.00000000
                                        0.25585938                                        0.00000000
                                        0.25781250                                        0.00000000
                                        0.25976562                                        0.00000000
                                        0.26171875                                        0.00000000
                                        0.26367188                                        0.00000000
                                        0.26562500                                        0.00000000
                                        0.26757812                                        0.00000000
                                        0.26953125                                        0.00000000
                                        0.27148438                                        0.00000000
                                        0.27343750                                        0.00000000
                                        0.27539062                                        0.00000000
                                        0.27734375                                        0.00000000
                                        0.27929688                                        0.00000000
                                        0.28125000                                        0.00000000
                                        0.28320312                                        0.00000000
                                        0.28515625                                        0.00000000
                                        0.28710938                                        0.00000000
                                        0.28906250                                        0.00000000
                                        0.29101562                                        0.00000000
                                        0.29296875                                        0.00000000
                                        0.29492188                                        0.00000000
                                        0.29687500                                        0.00000000
                                        0.29882812                                        0.00000000
                                        0.30078125                                        0.00000000
                                        0.30273438                                        0.00000000
                                        0.30468750                                        0.00000000
                                        0.30664062                                        0.00000000
                                        0.30859375                                        0.00000000
                                        0.31054688                                        0.00000000
                                        0.31250000                                        0.00000000
                                        0.31445312                                        0.00000000
                                        0.31640625                                        0.00000000
                                        0.31835938                                        0.00000000
                                        0.32031250                                        0.00000000
                                        0.32226562                                        0.00000000
                                        0.32421875                                        0.00000000
                                        0.32617188                                        0.00000000
                                        0.32812500                                        0.00000000
                                        0.33007812                                        0.00000000
                                        0.33203125                                        0.00000000
                                        0.33398438                                        0.00000000
                                        0.33593750                                        0.00000000
                                        0.33789062                                        0.00000000
                                        0.33984375                                        0.00000000
                                        0.34179688                                        0.00000000
                                        0.34375000                                        0.00000000
                                        0.34570312                                        0.00000000
                                        0.34765625                                        0.00000000
                                        0.34960938                                        0.00000000
                                        0.35156250                                        0.00000000
                                        0.35351562                                        0.00000000
                                        0.35546875                                        0.00000000
                                        0.35742188                                        0.00000000
                                        0.35937500                                        0.00000000
                                        0.36132812                                        0.00000000
                                        0.36328125                                        0.00000000
                                        0.36523438                                        0.00000000
                                        0.36718750                                        0.00000000
                                        0.36914062                                        0.00000000
                                        0.37109375                                        0.00000000
                                        0.37304688                                        0.00000000
                                        0.37500000                                        0.00000000
                                        0.37695312                                        0.00000000
                                        0.37890625                                        0.00000000
                                        0.38085938                                        0.00000000
                                        0.38281250                                        0.00000000
                                        0.38476562                                        0.00000000
                                        0.38671875                                        0.00000000
                                        0.38867188                                        0.00000000
                                        0.39062500                                        0.00000000
                                        0.39257812                                        0.00000000
                                        0.39453125                                        0.00000000
                                        0.39648438                                        0.00000000
                                        0.39843750                                        0.00000000
                                        0.40039062                                        0.00000000
                                        0.40234375                                        0.00000000
                                        0.40429688                                        0.00000000
                                        0.40625000                                        0.00000000
                                        0.40820312                                        0.00000000
                                        0.41015625                                        0.00000000
                                        0.41210938                                        0.00000000
                                        0.41406250                                        0.00000000
                                        0.41601562                                        0.00000000
                                        0.41796875                                        0.00000000
                                        0.41992188                                        0.00000000
                                        0.42187500                                        0.00000000
                                        0.42382812                                        0.00000000
                                        0.42578125                                        0.00000000
                                        0.42773438                                        0.00000000
                                        0.42968750                                        0.00000000
                                        0.43164062                                        0.00000000
                                        0.43359375                                        0.00000000
                                        0.43554688                                        0.00000000
                                        0.43750000                                        0.00000000
                                        0.43945312                                        0.00000000
                                        0.44140625                                        0.00000000
                                        0.44335938                                        0.00000000
                                        0.44531250                                        0.00000000
                                        0.44726562                                        0.00000000
                                        0.44921875                                        0.00000000
                                        0.45117188                                        0.00000000
                                        0.45312500                                        0.00000000
                                        0.45507812                                        0.00000000
                                        0.45703125                                        0.00000000
                                        0.45898438                                        0.00000000
                                        0.46093750                                        0.00000000
                                        0.46289062                                        0.00000000
                                        0.46484375                                        0.00000000
                                        0.46679688                                        0.00000000
                                        0.46875000                                        0.00000000
                                        0.47070312                                        0.00000000
                                        0.47265625                                        0.00000000
                                        0.47460938                                        0.00000000
                                        0.47656250                                        0.00000000
                                        0.47851562                                        0.00000000
                                        0.48046875                                        0.00000000
                                        0.48242188                                        0.00000000
